# Section 1: full-Gamma sweep with listed N
# gamma N hw ref_hw rel_err seg_err force_rel converged iters
0.03 32 0.00360876 0.00374997 0.037656 9.70459e-07 0.0047684 0 80000
0.1 32 0.0120818 0.0124995 0.0334139 1.46641e-06 0.00428803 0 80000
0.3 32 0.0362901 0.0374877 0.0319443 8.58676e-07 0.000484939 1 50000
1 32 0.120382 0.124562 0.0335568 2.31135e-06 0.000377926 1 35000
3 32 0.351993 0.364557 0.0344639 1.83715e-06 0.000300368 1 30000
10 32 1.02621 1.0668 0.0380524 2.62465e-06 0.000145764 1 20000
30 72 2.45973 2.54716 0.0343239 6.65481e-06 0.000156284 1 20000
100 80 5.62257 5.8881 0.0450952 9.81273e-06 2.62506e-05 1 10000

# Section 2: N-refinement at Gamma=10
# N hw ref_hw rel_err seg_err force_rel converged iters
16 0.991097 1.0668 0.070963 1.47028e-06 0.000104736 1 10000
24 1.01458 1.0668 0.0489509 2.13493e-06 0.000163226 1 15000
32 1.02621 1.0668 0.0380524 2.62465e-06 0.000145764 1 20000
48 1.03062 1.0668 0.0339116 6.72705e-06 0.000498537 1 25000
64 1.03692 1.0668 0.0280046 5.09119e-06 0.000316099 1 35000
